Preamp: -16.9019608 dB
GraphicEQ: 20 8.943161; 25 8.943161; 31.5 9.542425; 40 12.04119983; 50 16.9019608; 63 16.9019608; 80 16.9019608; 100 0; 125 0; 160 0; 200 0; 250 0; 315 0; 400 0; 500 0; 630 0; 800 0; 1000 0; 1250 0; 1600 0; 2000 0; 2500 0; 3150 0; 4000 0; 5000 0; 6300 0; 8000 0; 10000 0; 12500 0; 16000 0; 20000 0